calibration_type: pinhole
camera_matrix:
- - 779.3928165311296
  - 0.0
  - 714.9105814109051
- - 0.0
  - 777.9588207900714
  - 538.763700353067
- - 0.0
  - 0.0
  - 1.0
date: '2026-04-04T10:15:36.748309'
dist_coeffs:
- - 0.03538627512631959
  - -0.08366891428420353
  - -0.0009301867016782015
  - -0.0013235008956214548
  - 0.025516671080443653
image_size:
- 1440
- 1080
reprojection_error: 0.5937971444646529
rvecs:
- - - -1.5154635882646945
  - - -1.6548978355069004
  - - 0.0767363838347386
- - - 1.7483891955848938
  - - 1.8169519510206336
  - - 0.18224386257539435
- - - -2.008213929157842
  - - -1.5425804854159144
  - - 1.1513215886365926
- - - 2.1923920822944822
  - - 1.5937398996191037
  - - 1.250372998997488
- - - -1.6067660057137538
  - - -1.6686432136526643
  - - 0.8014271121795259
- - - -2.1658467043864498
  - - -2.0172717784683365
  - - 0.8032070659212492
- - - -2.2380888290946377
  - - -2.1918474059384234
  - - -0.10751078796527365
- - - 2.1886901639352523
  - - 1.6118205294879024
  - - 1.2546239390609752
- - - -1.486361819201941
  - - -1.6529858764858825
  - - 0.11378547921319247
- - - 1.7286119076151802
  - - 1.7841114585470834
  - - 0.8083002789754613
- - - -2.315522169831047
  - - -2.123970045520196
  - - 0.6158862338909504
- - - -1.9563312788170444
  - - -1.816440185361568
  - - -0.5516995707878019
- - - -1.94393533491618
  - - -1.8199688972612713
  - - -0.518636813304451
- - - -2.1025508322432174
  - - -2.1831084203887294
  - - 0.041662598768781894
- - - -2.0736117262047253
  - - -2.140737129469436
  - - 0.1159436229125884
- - - -2.174624144529091
  - - -2.250637527896796
  - - -0.10013841455360148
- - - -1.8217013473905046
  - - -1.8961195763107883
  - - 0.5318512071018641
- - - 2.1366128823182984
  - - 2.2106394248513146
  - - 0.2077183897291472
- - - 2.009556195732923
  - - 2.089597243661765
  - - 0.4283037877551336
- - - -2.058656837616241
  - - -1.8295281077690295
  - - -0.7175196249173478
- - - 2.090040433126118
  - - 2.164352799433206
  - - 0.28683443064202385
- - - 1.4735054320450538
  - - 1.5177874307861507
  - - 1.032839040270639
- - - -1.7557397653877587
  - - -1.8247058286684676
  - - 0.6169368026473646
- - - 1.6056009110764247
  - - 1.6470048964095263
  - - 0.9328135892923033
- - - 2.0168302189137055
  - - 2.0842056022453956
  - - 0.42121226862517913
- - - -2.1990811855896153
  - - -2.122904557554981
  - - -0.21734925326957907
- - - -2.1760222739505064
  - - -2.1394551047983623
  - - 0.03759795992568742
- - - -1.6802822257958225
  - - -1.7232813037401387
  - - -0.122013927918807
- - - -2.0615466415783428
  - - -1.7311251653991153
  - - 0.9006778272182312
- - - -2.075141588190256
  - - -2.14757299637058
  - - 0.10704706530423494
- - - 1.6963680121047857
  - - 1.7907415351271794
  - - 0.20301930649163655
- - - -1.8510645829167658
  - - -1.7901866844378613
  - - -0.3916017847679649
- - - -2.164611987709607
  - - -2.2413366017575633
  - - -0.06270482034258594
- - - 2.0731278477154107
  - - 2.1450850917222963
  - - 0.32812767170653845
- - - 2.1592961540173436
  - - 2.0451974368928827
  - - -0.4747033173929505
- - - 1.364593716576791
  - - 1.3894715266443287
  - - 1.1522316124044512
- - - -2.126806201189593
  - - -2.204376230426505
  - - -0.0007195351501687225
- - - -1.5827162596760003
  - - -1.6458198903953356
  - - 0.8266212558431817
- - - 2.0623777335078604
  - - 2.132880057885453
  - - 0.35206220669007326
- - - 2.2417313726089887
  - - 1.659550584445042
  - - 1.1938285080233126
- - - -1.504128380055799
  - - -1.6486883182274557
  - - 0.09974252927783628
- - - -1.8964731164547892
  - - -1.5084749959119816
  - - 1.118763166208993
- - - 1.5563104152115768
  - - 1.701064771288732
  - - 0.37201932769345464
- - - 2.145054401638048
  - - 2.1893720272723307
  - - -0.023743388806459296
- - - 2.0890759725513766
  - - 2.0500551323557756
  - - -0.37091803740094936
- - - 2.1069806510479916
  - - 1.4498725873241929
  - - 1.3101064702664125
- - - 1.3204690208673662
  - - 1.569617183840216
  - - 0.5954926684557609
- - - 2.1630209413052848
  - - 2.1289263412073605
  - - 0.2841017719553986
- - - -1.5530106547912361
  - - -1.6778409427019547
  - - 0.06647745233063905
- - - -2.011660834155653
  - - -1.543980085206491
  - - 1.097306120225299
- - - 2.1763131623750245
  - - 2.2507088373009547
  - - 0.13875953917628814
- - - 1.9060666193676608
  - - 1.978170908093914
  - - 0.5812707184657391
- - - -1.7410420794053294
  - - -1.744549642020173
  - - -0.2056616630406221
- - - -2.0786032782257413
  - - -2.1537232170991016
  - - 0.12313489764489445
- - - -2.271346767875613
  - - -2.089904975996555
  - - 0.30439399211450513
- - - 1.8282068185328515
  - - 1.8866631307017132
  - - 0.69190851110656
- - - 1.4871344494812242
  - - 1.633748262537824
  - - 0.5137949647200972
- - - 2.0321770067619385
  - - 1.9582016857893063
  - - -0.22161145902992896
- - - -2.0748925236729434
  - - -2.1481817759371755
  - - 0.12102611600491539
- - - -1.7474727268390622
  - - -1.8100948771027818
  - - 0.6332116518714438
- - - 1.9134211572678812
  - - 1.9789373223538258
  - - 0.5689796501998177
- - - -2.293851630042135
  - - -1.7945982544151162
  - - -1.0793346525285243
- - - 1.93609950559232
  - - 1.9564366802039632
  - - -0.0958508883964071
tvecs:
- - - -107.0826420454901
  - - -156.3137917755333
  - - 453.40573925003616
- - - -77.16548211376441
  - - 13.254579634748893
  - - 344.7395227174651
- - - -75.59165989548566
  - - 178.56506956212388
  - - 655.3185230841843
- - - -62.30754414787062
  - - -118.75333613776951
  - - 379.10331223512554
- - - -21.742967791172926
  - - -63.86355114681397
  - - 314.48117229391386
- - - -153.74206775156088
  - - 84.99577622266601
  - - 546.5297611142425
- - - -78.72816906913329
  - - -62.058458496488065
  - - 149.46229575428117
- - - -10.886529836633882
  - - -23.745713222671032
  - - 214.5687759928002
- - - -156.73763219900349
  - - -82.66410549310274
  - - 343.805049344866
- - - -64.5719940499945
  - - -61.508946131896224
  - - 236.16077739616858
- - - -273.07320153006185
  - - 32.194533243752346
  - - 367.28948777573737
- - - -90.13984401567289
  - - -29.126074933230782
  - - 205.5248055594748
- - - -79.93009784857547
  - - 5.860630688530703
  - - 231.37994791543665
- - - -201.56558863562657
  - - -63.084887361062
  - - 458.41571132101006
- - - -103.26740056837535
  - - -54.725102934367094
  - - 278.0558036185272
- - - -78.35435161204137
  - - -63.430595719054985
  - - 212.8521504313612
- - - -119.87823903870262
  - - -74.34349647547062
  - - 575.0390653808906
- - - 184.20346764738574
  - - -61.783172106182576
  - - 432.80606133911584
- - - -34.29705978575693
  - - -57.47150159778543
  - - 409.48555325875856
- - - -125.86871841856613
  - - -16.601540185456344
  - - 191.27021387854202
- - - -119.91763673066104
  - - -26.111530456717603
  - - 195.95841361046885
- - - -40.93744590701275
  - - -53.56764803105133
  - - 173.29712385387563
- - - -184.170553813263
  - - -71.44068476696859
  - - 389.614073728609
- - - -36.62244019835228
  - - -47.9894456227198
  - - 190.86385847048695
- - - 61.26391561623593
  - - -58.968948024497074
  - - 238.27355055663102
- - - -80.45385567364264
  - - -78.7273857971501
  - - 139.05432202897597
- - - -55.87281555375321
  - - -61.48882961884485
  - - 158.46081792430607
- - - -237.413407519554
  - - -57.43019760873258
  - - 315.4963172826038
- - - -57.758526563874995
  - - 26.8390749368115
  - - 444.1578863411039
- - - -25.645995655641713
  - - -102.63002143427242
  - - 222.31600064590847
- - - 54.318023909919994
  - - 46.39224523447835
  - - 436.5060955440862
- - - -51.559286598482714
  - - -38.929328207974905
  - - 214.63796234673399
- - - -72.34097737936216
  - - -8.046822656029372
  - - 216.81869841720362
- - - -127.96692680392444
  - - -63.618465505937934
  - - 189.8500433722431
- - - -51.65096705307313
  - - -19.78617032554298
  - - 256.7995175155624
- - - -83.85121712816101
  - - -53.91332905291203
  - - 277.3720464901347
- - - -232.24486312018257
  - - -66.4252650177748
  - - 295.30577709060043
