calibration_date: '2025-11-09T11:50:15.483431'
calibration_type: standard
camera_mac: d8-3a-dd-ef-e9-48
center_name: GameTheorySarjapur
chessboard_size: !!python/tuple
- 6
- 8
failed_detections: 2
image_size:
- 1440
- 1080
individual_errors:
  chessboard_20251109_114938_790.jpg: 0.10354427484172363
  chessboard_20251109_114939_125.jpg: 0.14356937302266237
  chessboard_20251109_114939_389.jpg: 0.14081673571885353
  chessboard_20251109_114939_440.jpg: 0.1751450845179139
  chessboard_20251109_114939_707.jpg: 0.07871466427723138
  chessboard_20251109_114939_757.jpg: 0.09316622079096458
  chessboard_20251109_114940_027.jpg: 0.09680298163961724
  chessboard_20251109_114940_073.jpg: 0.18020535869965074
  chessboard_20251109_114940_342.jpg: 0.17487169531558056
  chessboard_20251109_114940_390.jpg: 0.07421243450372157
  chessboard_20251109_114940_660.jpg: 0.06893494392642309
  chessboard_20251109_114940_709.jpg: 0.06725590779040665
  chessboard_20251109_114940_972.jpg: 0.15746463802157337
  chessboard_20251109_114941_019.jpg: 0.15005304993606514
  chessboard_20251109_114941_289.jpg: 0.14427878990321477
  chessboard_20251109_114941_340.jpg: 0.14312570257359244
  chessboard_20251109_114941_608.jpg: 0.20089940494604566
  chessboard_20251109_114941_659.jpg: 0.1910516307353969
  chessboard_20251109_114941_927.jpg: 0.17698446704689655
  chessboard_20251109_114941_975.jpg: 0.1146070376098222
  chessboard_20251109_114942_244.jpg: 0.10070856639577906
  chessboard_20251109_114942_291.jpg: 0.17135728361522543
  chessboard_20251109_114942_557.jpg: 0.17716626692215978
  chessboard_20251109_114942_607.jpg: 0.10148842855563327
  chessboard_20251109_114942_873.jpg: 0.09927200666970844
  chessboard_20251109_114942_924.jpg: 0.09953683530843858
  chessboard_20251109_114943_193.jpg: 0.13304746657668975
  chessboard_20251109_114943_244.jpg: 0.09257208844915593
  chessboard_20251109_114943_511.jpg: 0.07235007348344306
  chessboard_20251109_114943_561.jpg: 0.07607852612086778
  chessboard_20251109_114943_829.jpg: 0.12005562907473617
  chessboard_20251109_114943_878.jpg: 0.12346214637470106
  chessboard_20251109_114944_144.jpg: 0.19570734788591548
  chessboard_20251109_114944_191.jpg: 0.09087686142312625
  chessboard_20251109_114944_457.jpg: 0.07441343924393798
  chessboard_20251109_114944_508.jpg: 0.11965856694642708
  chessboard_20251109_114944_773.jpg: 0.1863186354336834
  chessboard_20251109_114944_824.jpg: 0.13929860750254475
  chessboard_20251109_114945_095.jpg: 0.18523580587831953
  chessboard_20251109_114945_142.jpg: 0.18408780926628002
  chessboard_20251109_114945_411.jpg: 0.048157479568967876
  chessboard_20251109_114945_459.jpg: 0.046976839145420064
  chessboard_20251109_114945_745.jpg: 0.055675224715179945
  chessboard_20251109_114945_775.jpg: 0.05990913025965275
  chessboard_20251109_114946_057.jpg: 0.05754703645847054
  chessboard_20251109_114946_096.jpg: 0.03804791475361625
  chessboard_20251109_114946_375.jpg: 0.033676302832360415
  chessboard_20251109_114946_408.jpg: 0.031829578599957296
  chessboard_20251109_114946_695.jpg: 0.0516386761611805
  chessboard_20251109_114946_726.jpg: 0.0464531739662647
reprojection_error: 0.11376616286810398
square_size_mm: 25
successful_detections: 50
