calibration_date: '2025-11-09T12:05:57.310454'
calibration_type: fisheye
camera_mac: 2c-cf-67-16-73-e3
center_name: GameTheorySarjapur
chessboard_size: !!python/tuple
- 6
- 8
failed_detections: 5
image_size:
- 1440
- 1080
individual_errors:
  chessboard_20251109_120537_838.jpg: 0.12478147378399694
  chessboard_20251109_120538_160.jpg: 0.08683339504931391
  chessboard_20251109_120538_421.jpg: 0.0449715896003463
  chessboard_20251109_120538_472.jpg: 0.07933602141546296
  chessboard_20251109_120538_738.jpg: 0.168069596978883
  chessboard_20251109_120538_787.jpg: 0.07361301640604291
  chessboard_20251109_120539_055.jpg: 0.08061328846775093
  chessboard_20251109_120539_105.jpg: 0.12100930590244581
  chessboard_20251109_120539_375.jpg: 0.13235550929883824
  chessboard_20251109_120539_423.jpg: 0.09941288405780997
  chessboard_20251109_120539_693.jpg: 0.08308704431306219
  chessboard_20251109_120539_743.jpg: 0.11477138259675145
  chessboard_20251109_120540_011.jpg: 0.09453158287659408
  chessboard_20251109_120540_056.jpg: 0.04541978681329275
  chessboard_20251109_120540_323.jpg: 0.05822434907837007
  chessboard_20251109_120540_372.jpg: 0.08414466938486775
  chessboard_20251109_120540_638.jpg: 0.05636508520203729
  chessboard_20251109_120540_688.jpg: 0.05725024424040826
  chessboard_20251109_120540_960.jpg: 0.12905203889201325
  chessboard_20251109_120541_008.jpg: 0.09698326521258332
  chessboard_20251109_120541_275.jpg: 0.08022736690211545
  chessboard_20251109_120541_323.jpg: 0.057222337250435316
  chessboard_20251109_120541_593.jpg: 0.0917536461125427
  chessboard_20251109_120541_644.jpg: 0.11519215922298097
  chessboard_20251109_120541_906.jpg: 0.06594496518067755
  chessboard_20251109_120541_956.jpg: 0.10142532710008878
  chessboard_20251109_120542_222.jpg: 0.1173160052874914
  chessboard_20251109_120542_273.jpg: 0.06774992570388734
  chessboard_20251109_120542_540.jpg: 0.06969402784937591
  chessboard_20251109_120542_590.jpg: 0.06779707659919436
  chessboard_20251109_120542_861.jpg: 0.04820068935239891
  chessboard_20251109_120542_907.jpg: 0.05886217129689086
  chessboard_20251109_120543_178.jpg: 0.06266892515197704
  chessboard_20251109_120543_227.jpg: 0.06383272106101089
  chessboard_20251109_120543_492.jpg: 0.04902957990352427
  chessboard_20251109_120543_541.jpg: 0.05336898541850866
reprojection_error: 0.0833642066378881
square_size_mm: 25
successful_detections: 36
