camera_matrix:
- - 779.5358730945712
  - 0.0
  - 714.677431970536
- - 0.0
  - 778.1204942981271
  - 538.8186409836817
- - 0.0
  - 0.0
  - 1.0
dist_coeffs:
- - 0.03488916342365836
  - -0.08041033530989007
  - -0.0009969717405917307
  - -0.0012984922567274787
  - 0.022766214781887943
image_size:
- 1440
- 1080
reprojection_error: 0.5699832007619512
calibration_type: pinhole
rvecs:
- - - -2.1747411553191682
  - - -2.250746653036943
  - - -0.10008517494518566
- - - -2.0752180640904205
  - - -2.1486305513878703
  - - 0.12078559098962151
- - - 2.0733027964695703
  - - 2.1451619408981863
  - - 0.3276407328364252
- - - -2.164605912454739
  - - -2.2413538311451715
  - - -0.06299495303108417
- - - -2.0788358864916265
  - - -2.1541185675932195
  - - 0.1227638887212304
- - - 2.0902573747250197
  - - 2.1645020050844264
  - - 0.28669979965366743
- - - 2.0625510237543954
  - - 2.132939695454387
  - - 0.3513156733856419
- - - 2.1761417920576065
  - - 2.250500095457953
  - - 0.13840822901976443
- - - -2.0756015905314875
  - - -2.148098238048892
  - - 0.10688584099510097
- - - 1.9062069546218467
  - - 1.9782438633059027
  - - 0.581178699934325
- - - 2.0096884060811453
  - - 2.0896835742364233
  - - 0.4281179943199268
- - - -2.073640710179521
  - - -2.140766660418587
  - - 0.11605123254194868
- - - -2.1026291383133286
  - - -2.183143976338574
  - - 0.04178859049063612
- - - 1.364897649111276
  - - 1.3897292489931978
  - - 1.1521576413535204
- - - 1.6058503024587338
  - - 1.6471699556347013
  - - 0.9327240145655528
- - - 1.4737792602722206
  - - 1.5179921343970455
  - - 1.0327540028908344
- - - 1.7288602082598568
  - - 1.7843027973884125
  - - 0.8081804560612255
- - - 2.01657346008358
  - - 2.0839617716921213
  - - 0.42134428816403535
- - - 1.8283745270498366
  - - 1.8867640470664686
  - - 0.6917575128976635
- - - 1.9132957586505548
  - - 1.9787830926674477
  - - 0.5689937117071142
- - - 2.136064215005345
  - - 2.210209332302604
  - - 0.20810685255785724
- - - -1.5824730205445112
  - - -1.6455959944125802
  - - 0.826699661485561
- - - -1.606527820248325
  - - -1.6684236793884086
  - - 0.8015102724490201
- - - -1.7472240418331286
  - - -1.8098249570936404
  - - 0.6332525905721322
- - - -2.1266930381055658
  - - -2.204113119516465
  - - 0.00020357236793880506
- - - -1.7555706317875162
  - - -1.824577214677321
  - - 0.6171639514016791
- - - -1.8215403658508518
  - - -1.8959889612363228
  - - 0.5319822040345679
- - - -1.9563153619179927
  - - -1.816282051052779
  - - -0.5515845125447218
- - - -1.8506756392919284
  - - -1.7890704170581493
  - - -0.391390948271721
- - - -2.0586383583329106
  - - -1.8293453987271613
  - - -0.717381129504928
- - - -1.9439503357825707
  - - -1.819814518653338
  - - -0.5185278408155725
- - - 2.18892588751373
  - - 1.611863558350764
  - - 1.2543713101222929
- - - 2.107216277139384
  - - 1.4499057475923767
  - - 1.3098842303496616
- - - 2.242660936517919
  - - 1.6591896913348185
  - - 1.1954102384142244
- - - 2.1927008859858406
  - - 1.5939273623481072
  - - 1.2499572189261365
- - - -2.2940162311281194
  - - -1.794747895119484
  - - -1.0787253010359976
- - - -1.4862694294061736
  - - -1.6527660189798195
  - - 0.11390013925870378
- - - -1.5529172946370329
  - - -1.6776230150283284
  - - 0.06660619527588717
- - - -1.6802711644122488
  - - -1.7230975779766162
  - - -0.12163963066470952
- - - -1.5153301038797307
  - - -1.6546417834329925
  - - 0.07680572207491085
- - - -1.7410155572005972
  - - -1.744373272277221
  - - -0.20555301457228903
- - - -1.5040501892563232
  - - -1.6484718656173019
  - - 0.09982994781862346
- - - -2.2714767160445115
  - - -2.090068669006846
  - - 0.30438363779790467
- - - 2.0890426357560723
  - - 2.0500923589477558
  - - -0.37073007975533073
- - - 1.9363233103894004
  - - 1.9566887737925167
  - - -0.09612584504362921
- - - 2.1592842472037246
  - - 2.045251564515419
  - - -0.47422108035908994
- - - 1.5565101752426782
  - - 1.7012562552994004
  - - 0.37203942891404246
- - - 1.4873281280644197
  - - 1.6339209999485234
  - - 0.5137566937402337
- - - 1.7486093514978538
  - - 1.8171848236777182
  - - 0.18230990448546786
- - - 2.0322958848207624
  - - 1.958334844726204
  - - -0.22096942209922057
- - - 1.6965405985439692
  - - 1.790895200429714
  - - 0.20318854546085016
- - - 1.320708008017137
  - - 1.5698056151249888
  - - 0.5952978233161972
- - - -2.01137906595158
  - - -1.543829068739841
  - - 1.0975847768951459
- - - -2.0612773991424986
  - - -1.7309568574939607
  - - 0.9009688834730599
- - - -1.8961177196085008
  - - -1.5082499806876726
  - - 1.1191345023175425
- - - -2.315090121530509
  - - -2.1236564720376574
  - - 0.6162003699714657
- - - -2.0079423101851988
  - - -1.5424437646530587
  - - 1.1515976928320368
- - - -2.165648418242777
  - - -2.017134671475262
  - - 0.8036039589450382
- - - -2.2382615640031314
  - - -2.1920102469247422
  - - -0.10747242000311355
- - - 2.1631125359285694
  - - 2.1289405609459515
  - - 0.2836882594771902
- - - -2.1762759977853627
  - - -2.1397612149596963
  - - 0.037393146524960126
- - - 2.14499684734947
  - - 2.1893424211112347
  - - -0.023509258871858164
- - - -2.1993729324572757
  - - -2.123153524621066
  - - -0.2170724775867389
tvecs:
- - - -78.28934663905245
  - - -63.4446333300084
  - - 212.89382217278018
- - - -28.052776231109192
  - - -62.41015824595131
  - - 224.37525793406385
- - - -127.91873286743822
  - - -63.63025184999095
  - - 189.93154665359984
- - - -72.27441682929889
  - - -8.060625048695465
  - - 216.8383519197257
- - - -28.92983407011486
  - - -23.679874390310495
  - - 225.70240522810113
- - - -119.86170180401187
  - - -26.121284253291584
  - - 196.00940178180312
- - - -130.40433041986267
  - - -83.57443725659996
  - - 187.10892240190643
- - - -81.64158917121601
  - - -98.28408585812818
  - - 209.7177544383035
- - - -25.57766187227302
  - - -102.64466930281463
  - - 222.37079956416162
- - - -49.02477426325335
  - - -50.384807465287984
  - - 209.99630539213913
- - - -34.17448813000135
  - - -57.50013658162827
  - - 409.5773792524423
- - - -103.18859713323772
  - - -54.74189546989537
  - - 278.11479190927435
- - - -201.4352538822193
  - - -63.11231532059883
  - - 458.5051645248699
- - - -83.77051632022742
  - - -53.929118222049134
  - - 277.42200645686944
- - - -36.565741318043244
  - - -47.999988782961466
  - - 190.8986304327096
- - - -40.88639647887195
  - - -53.576521531494315
  - - 173.32946416713096
- - - -64.50320403771819
  - - -61.522996533761834
  - - 236.21028882254114
- - - 61.346924157201414
  - - -58.985373635028026
  - - 238.3359895360182
- - - -22.415112851832166
  - - -61.5594326719456
  - - 242.9687486764124
- - - 151.79888604319345
  - - -59.79427866009943
  - - 388.08431408044976
- - - 184.3508365519244
  - - -61.81001130826134
  - - 432.9331792269523
- - - -11.8939326779647
  - - -64.4597284202016
  - - 358.93840290882304
- - - -21.651170437818177
  - - -63.88320042297338
  - - 314.5460538613475
- - - 24.537145441009763
  - - -64.66279118534906
  - - 365.2052721338399
- - - -232.16246496890324
  - - -66.4367699015541
  - - 295.45223010194917
- - - -184.05967473323054
  - - -71.46182262103628
  - - 389.69644022315083
- - - -119.712574035394
  - - -74.38228291850423
  - - 575.1598879539287
- - - -90.07964876374146
  - - -29.136301809518642
  - - 205.57828462222778
- - - -51.52386542731224
  - - -38.92424516468163
  - - 214.57820648390458
- - - -125.81018001254309
  - - -16.609831226351165
  - - 191.31824863153636
- - - -79.86251240814703
  - - 5.849830804662954
  - - 231.43551507983406
- - - -10.819486434347134
  - - -23.763016796228133
  - - 214.6488857257059
- - - 1.4262779256003386
  - - -11.653108440846578
  - - 193.5583951531616
- - - 53.04589777812589
  - - -15.215399033202772
  - - 189.23140934727974
- - - -62.203285458302084
  - - -118.7967852906796
  - - 379.2589925224056
- - - 22.40026322802906
  - - -153.53376147853066
  - - 418.84970681333306
- - - -156.64211579755172
  - - -82.68424099342137
  - - 343.8827459528576
- - - -116.48433525932336
