camera_matrix:
- - 779.535873099281
  - 0.0
  - 714.6774319402804
- - 0.0
  - 778.120494301594
  - 538.8186410099029
- - 0.0
  - 0.0
  - 1.0
dist_coeffs:
- - 0.03488916342155634
  - -0.08041033528835607
  - -0.0009969717332549439
  - -0.0012984922659619214
  - 0.02276621476017729
image_size:
- 1440
- 1080
reprojection_error: 0.5699832007619536
calibration_type: pinhole
rvecs:
- - - -2.199372932436334
  - - -2.123153524595963
  - - -0.2170724775768154
- - - 2.144996847373737
  - - 2.1893424211319554
  - - -0.023509258877906506
- - - -2.1762759977614374
  - - -2.1397612149316543
  - - 0.03739314653244707
- - - 2.163112535955272
  - - 2.128940560966795
  - - 0.2836882594695406
- - - -2.238261563983661
  - - -2.1920102469010674
  - - -0.10747241999435812
- - - -2.1656484181952953
  - - -2.0171346714523106
  - - 0.8036039589429348
- - - -2.0079423101343656
  - - -1.5424437646366085
  - - 1.15159769282884
- - - -2.315090121468609
  - - -2.1236564720139977
  - - 0.6162003699645607
- - - -1.8961177195622645
  - - -1.5082499806671184
  - - 1.1191345023100252
- - - -2.0612773990938535
  - - -1.7309568574728038
  - - 0.9009688834727542
- - - -2.011379065900534
  - - -1.5438290687229124
  - - 1.097584776893751
- - - 1.3207080080586846
  - - 1.5698056151487774
  - - 0.5952978233181698
- - - 1.6965405985874096
  - - 1.790895200452935
  - - 0.2031885454611336
- - - 2.032295884853518
  - - 1.9583348447519182
  - - -0.22096942210165282
- - - 1.7486093515369798
  - - 1.8171848237062302
  - - 0.18230990448907192
- - - 1.4873281281094806
  - - 1.633920999971922
  - - 0.5137566937450513
- - - 1.5565101752863584
  - - 1.7012562553244028
  - - 0.3720394289180462
- - - 2.159284247221218
  - - 2.045251564540236
  - - -0.47422108036852956
- - - 1.936323310417903
  - - 1.9566887738276548
  - - -0.09612584504855572
- - - 2.0890426357749607
  - - 2.050092358973656
  - - -0.3707300797614336
- - - -2.271476716014914
  - - -2.0900686689891845
  - - 0.3043836378024786
- - - -1.5040501892156581
  - - -1.6484718655873396
  - - 0.09982994782490387
- - - -1.741015557166128
  - - -1.7443732722440288
  - - -0.20555301456036953
- - - -1.5153301038409952
  - - -1.6546417833996752
  - - 0.07680572207863161
- - - -1.6802711643754606
  - - -1.7230975779443023
  - - -0.12163963064889959
- - - -1.5529172946018042
  - - -1.6776230149917726
  - - 0.06660619527849118
- - - -1.4862694293671708
  - - -1.6527660189470008
  - - 0.11390013926261595
- - - -2.2940162311146963
  - - -1.7947478950795401
  - - -1.0787253010091098
- - - 2.1927008860380526
  - - 1.5939273623576231
  - - 1.2499572189258694
- - - 2.2426609365729346
  - - 1.6591896913303372
  - - 1.1954102384150063
- - - 2.1072162771949285
  - - 1.4499057475900736
  - - 1.309884230347696
- - - 2.188925887568192
  - - 1.611863558350753
  - - 1.2543713101223908
- - - -1.9439503357646724
  - - -1.8198145186102124
  - - -0.518527840804091
- - - -2.058638358315214
  - - -1.82934539868808
  - - -0.717381129486443
- - - -1.8506756392709964
  - - -1.7890704170177276
  - - -0.39139094826317056
- - - -1.9563153618986615
  - - -1.8162820510132367
  - - -0.5515845125322751
- - - -1.821540365805327
  - - -1.8959889612107377
  - - 0.5319822040332557
- - - -1.7555706317379975
  - - -1.8245772146572703
  - - 0.6171639514026572
- - - -2.1266930380594387
  - - -2.204113119484872
  - - 0.0002035723880318552
- - - -1.7472240417940654
  - - -1.8098249570653797
  - - 0.6332525905659124
- - - -1.606527820203284
  - - -1.6684236793637228
  - - 0.801510272441054
- - - -1.5824730204984716
  - - -1.6455959943881433
  - - 0.8266996614772563
- - - 2.13606421505435
  - - 2.2102093323252316
  - - 0.20810685255567138
- - - 1.9132957586982886
  - - 1.9787830926823131
  - - 0.5689937117101932
- - - 1.8283745270943916
  - - 1.8867640470845437
  - - 0.6917575129040192
- - - 2.0165734601301244
  - - 2.0839617717096037
  - - 0.4213442881665499
- - - 1.7288602083051399
  - - 1.7843027974087027
  - - 0.8081804560698369
- - - 1.4737792603220612
  - - 1.51799213441374
  - - 1.0327540028998763
- - - 1.6058503025075277
  - - 1.6471699556510229
  - - 0.9327240145737762
- - - 1.3648976491618958
  - - 1.3897292490103255
  - - 1.1521576413636925
- - - -2.1026291382775977
  - - -2.183143976310313
  - - 0.0417885904997367
- - - -2.0736407101519485
  - - -2.1407666603951467
  - - 0.11605123254773908
- - - 2.0096884061198934
  - - 2.089683574257979
  - - 0.42811799432428993
- - - 1.9062069546625695
  - - 1.9782438633242256
  - - 0.5811786999406571
- - - -2.0756015905006984
  - - -2.148098238017716
  - - 0.10688584099920972
- - - 2.17614179207904
  - - 2.2505000954785714
  - - 0.13840822901514793
- - - 2.062551023780343
  - - 2.1329396954762396
  - - 0.35131567337695313
- - - 2.090257374758423
  - - 2.164502005107763
  - - 0.28669979964738207
- - - -2.0788358864709737
  - - -2.1541185675641192
  - - 0.1227638887247133
- - - -2.1646059124351655
  - - -2.2413538311139356
  - - -0.06299495302794456
- - - 2.0733027964971256
  - - 2.1451619409196656
  - - 0.3276407328276891
- - - -2.0752180640677502
  - - -2.148630551361645
  - - 0.12078559099407635
- - - -2.174741155302011
  - - -2.250746653014899
  - - -0.10008517493877114
tvecs:
- - - -80.4092895524922
  - - -78.74007451312474
  - - 139.11839968743746
- - - -75.66899546602596
  - - -43.42612574845394
  - - 159.20745241202874
- - - -55.82327798036648
  - - -61.49908789912697
  - - 158.49080448937022
- - - -104.85316945217603
  - - -64.00195755569696
  - - 134.2304268912121
- - - -78.68102952097898
  - - -62.06818185247374
  - - 149.50313566522144
- - - -153.57815564775186
  - - 84.96064476185524
  - - 546.5967741551444
- - - -75.39703094437463
  - - 178.5215116740366
  - - 655.3991572652826
- - - -272.9640991273979
  - - 32.17840853506701
  - - 367.42476316348746
- - - 59.06098827487978
  - - 35.79167532041201
  - - 438.0673427111297
- - - -57.62592980099579
  - - 26.812296723808107
  - - 444.2309958541688
- - - -59.66897614991256
  - - 64.02158908337908
  - - 433.89319386611214
- - - -203.34795546809062
  - - 63.028929980896706
  - - 420.305213247054
- - - 54.450294495687004
  - - 46.362742577458064
  - - 436.56246978401805
- - - 9.536290746388223
  - - 14.393257366117028
  - - 365.78032019905504
- - - -77.06082903204386
  - - 13.228410939788157
  - - 344.76896615729936
- - - -17.19645012669385
  - - -46.64890897506614
  - - 199.81986625790134
- - - -27.134941981156828
  - - -10.221671635487466
  - - 274.8622336225276
- - - -51.586017859654966
  - - -19.807587034145907
  - - 256.8227458190188
- - - -136.81617771517094
  - - -27.92493716833775
  - - 224.69099728753534
- - - -72.03273107455254
  - - -25.015772798705918
  - - 252.0031993716748
- - - -71.23872350524883
  - - -72.69585494754136
  - - 251.12665255092335
- - - -198.96464590499417
  - - -175.91617759189538
  - - 512.3171537052986
- - - -202.87326348440186
  - - -93.93724023931598
  - - 367.80680038680987
- - - -106.95260310422046
  - - -156.34245081029047
  - - 453.5112354537791
- - - -237.33681712571948
  - - -57.44712030132665
  - - 315.63866002767105
- - - -116.48433524825408
  - - -43.25047185728802
  - - 281.99493881047243
- - - -156.64211578362853
  - - -82.68424100550745
  - - 343.8827459565497
- - - 22.400263244886986
  - - -153.5337614933041
  - - 418.8497068140182
- - - -62.20328544326513
  - - -118.79678530410206
  - - 379.2589925251857
- - - 53.04589778584202
  - - -15.215399039599623
  - - 189.23140934780963
- - - 1.4262779332316147
  - - -11.653108447310371
  - - 193.55839515478544
- - - -10.819486425906941
  - - -23.76301680345161
  - - 214.64888572765932
- - - -79.86251239926393
  - - 5.849830797150317
  - - 231.43551508391562
- - - -125.81018000500946
  - - -16.60983123307419
  - - 191.31824863616157
- - - -51.523865419021796
  - - -38.92424517179552
  - - 214.57820648661627
- - - -90.07964875576752
  - - -29.136301816464545
  - - 205.5782846258213
- - - -119.7125740128737
  - - -74.38228293799413
  - - 575.1598879579931
- - - -184.05967471726203
  - - -71.46182263469944
