point_1: 18.123798
point_2: 16.776953
point_3: 39.922058
point_4: 41.357903
point_5: 12.956987
point_6: 18.435887
mean_error: 24.595598
api_reprojection_error: 4.845959
