calibration_date: '2025-11-09T12:01:54.167985'
calibration_type: standard
camera_mac: 2c-cf-67-16-73-9a
center_name: GameTheorySarjapur
chessboard_size: !!python/tuple
- 6
- 8
failed_detections: 0
image_size:
- 1440
- 1080
individual_errors:
  chessboard_20251109_120115_923.jpg: 0.0881091841082192
  chessboard_20251109_120116_248.jpg: 0.06128538170514742
  chessboard_20251109_120116_505.jpg: 0.05660312416510671
  chessboard_20251109_120116_556.jpg: 0.2733333252830883
  chessboard_20251109_120116_829.jpg: 0.14337859421611307
  chessboard_20251109_120116_872.jpg: 0.09344315764435113
  chessboard_20251109_120117_146.jpg: 0.13183997664928523
  chessboard_20251109_120117_189.jpg: 0.04230733946549598
  chessboard_20251109_120117_460.jpg: 0.070924333296377
  chessboard_20251109_120117_509.jpg: 0.18445208974465543
  chessboard_20251109_120117_782.jpg: 0.14735403752556933
  chessboard_20251109_120117_823.jpg: 0.21486505876557901
  chessboard_20251109_120118_098.jpg: 0.08619909496043154
  chessboard_20251109_120118_140.jpg: 0.08301524437954085
  chessboard_20251109_120118_414.jpg: 0.12643255318022456
  chessboard_20251109_120118_456.jpg: 0.13127466389143952
  chessboard_20251109_120118_729.jpg: 0.1389949732277316
  chessboard_20251109_120118_773.jpg: 0.14912486996978844
  chessboard_20251109_120119_043.jpg: 0.15616784830556488
  chessboard_20251109_120119_093.jpg: 0.14403110810898853
  chessboard_20251109_120119_367.jpg: 0.10737726903379058
  chessboard_20251109_120119_407.jpg: 0.15636964349726454
  chessboard_20251109_120119_700.jpg: 0.14931457131687195
  chessboard_20251109_120119_724.jpg: 0.14245154200337332
  chessboard_20251109_120120_030.jpg: 0.08759184959148282
  chessboard_20251109_120120_036.jpg: 0.0906809214790869
  chessboard_20251109_120120_356.jpg: 0.08383334953547994
  chessboard_20251109_120120_616.jpg: 0.13358232887894972
  chessboard_20251109_120120_677.jpg: 0.06350592183942408
  chessboard_20251109_120120_953.jpg: 0.1920936828013787
  chessboard_20251109_120120_991.jpg: 0.07486129654832153
  chessboard_20251109_120121_284.jpg: 0.13624208958451578
  chessboard_20251109_120121_310.jpg: 0.06677195622118574
  chessboard_20251109_120121_607.jpg: 0.08899630181067845
  chessboard_20251109_120121_624.jpg: 0.23139985369300567
  chessboard_20251109_120121_932.jpg: 0.1446289023294037
  chessboard_20251109_120121_938.jpg: 0.16320489429705595
  chessboard_20251109_120122_267.jpg: 0.06796922365450005
  chessboard_20251109_120122_518.jpg: 0.06204140167831489
  chessboard_20251109_120122_595.jpg: 0.0932176543270574
  chessboard_20251109_120122_844.jpg: 0.14228672462068834
  chessboard_20251109_120122_909.jpg: 0.11479942397541766
  chessboard_20251109_120123_161.jpg: 0.14077078564571718
  chessboard_20251109_120123_228.jpg: 0.042616173160688574
  chessboard_20251109_120123_481.jpg: 0.055775723041422025
  chessboard_20251109_120123_541.jpg: 0.04649179331430365
  chessboard_20251109_120123_798.jpg: 0.03611866456377503
  chessboard_20251109_120123_857.jpg: 0.04734643711241209
  chessboard_20251109_120124_119.jpg: 0.03716032170018308
  chessboard_20251109_120124_176.jpg: 0.05246574091986051
  chessboard_20251109_120124_446.jpg: 0.03777652734766914
  chessboard_20251109_120124_493.jpg: 0.03733743060974429
  chessboard_20251109_120124_770.jpg: 0.038327436162472604
  chessboard_20251109_120127_116.jpg: 0.05094312220192262
  chessboard_20251109_120127_369.jpg: 0.05571067172517624
  chessboard_20251109_120127_429.jpg: 0.057318735635087104
reprojection_error: 0.1045092200794711
square_size_mm: 25
successful_detections: 56
