calibration_type: pinhole
camera_matrix:
- - 975.4746888534847
  - 0.0
  - 709.6478537761683
- - 0.0
  - 973.1277833996721
  - 528.5761339958641
- - 0.0
  - 0.0
  - 1.0
date: '2026-04-01T08:32:36.183084'
dist_coeffs:
- - 0.027894047941004883
  - -0.09461422474829269
  - -0.002294087548373844
  - 0.0007646987728047163
  - 0.04417060423179706
image_size:
- 1440
- 1080
reprojection_error: 0.815255377272108
rvecs:
- - - 2.0005165009872674
  - - 2.0760331837672266
  - - -0.2487576308675632
- - - -1.9344612277468745
  - - -1.743654411215599
  - - 0.9668726958174981
- - - -1.0001095931958428
  - - -1.5448700342786055
  - - 0.471699923365839
- - - -1.9821589573320955
  - - -2.0525297157798432
  - - 0.41348782315017446
- - - 1.8945286973756883
  - - 1.1852861256579235
  - - 1.5335205005751678
- - - -1.6393200221871485
  - - -1.8002324808866346
  - - -0.2715765039384858
- - - 1.7595542328472251
  - - 1.8814300788294895
  - - 0.6385707565164825
- - - -1.9419998787454387
  - - -1.8312970983718833
  - - -0.7671290941353032
- - - 1.8949146210499341
  - - 1.1851943259874493
  - - 1.5342031826424782
- - - 1.844405720652577
  - - 1.9565015396587455
  - - 0.5502419238835964
- - - 1.6954366326615138
  - - 1.8090715998712295
  - - 0.7417332674164598
- - - -2.141691379113122
  - - -2.2403722213960604
  - - 0.059371535225489346
- - - -1.8375331455796347
  - - -1.8255127227382741
  - - -0.585219616139978
- - - -1.8735762481270157
  - - -1.9343192512274292
  - - 0.5769191947705984
- - - 1.7151455495197399
  - - 1.82431736210302
  - - 0.7238744435245147
- - - 2.1164917984075258
  - - 1.5651766120669448
  - - 1.4155594330809773
- - - 2.0449479235014345
  - - 2.1554288517286904
  - - 0.2594850601677594
- - - 1.6008722736201317
  - - 1.7332533848634768
  - - 0.8282758181370858
- - - -1.7792171688206624
  - - -1.82678376438997
  - - 0.7333982884163744
- - - 1.9027431367559144
  - - 2.0242109238749504
  - - 0.44572420793895157
- - - 1.5923026248473782
  - - 1.7053581523296533
  - - 0.8363974825381161
- - - -1.1556272066805002
  - - -1.6216798704639952
  - - 0.313340251762926
- - - 2.1405946703814744
  - - 2.250710069289267
  - - 0.06437275280488826
- - - -2.0287416859292904
  - - -2.1071369695361617
  - - 0.30821062364921975
- - - -2.1893595000551236
  - - -2.119782184086016
  - - 0.5890691569139117
- - - -1.7273988403515737
  - - -1.8122623925433476
  - - -0.41053872053906365
- - - -2.0158369393167668
  - - -2.098324033014849
  - - 0.3133640100711434
- - - -2.0506942180731227
  - - -2.1354815777513343
  - - 0.2543881640163892
- - - 1.984996306888052
  - - 2.0741437950119677
  - - -0.1408745718792584
- - - 1.694724607198392
  - - 1.8076161121820813
  - - 0.7266969740132917
- - - -1.849818688388912
  - - -1.9056757022464905
  - - 0.6387125405571755
- - - -1.6150228299211753
  - - -1.6447663734837499
  - - 0.8991104631517988
- - - 2.0486131439333173
  - - 2.1578704702008507
  - - 0.2347407169571837
- - - -1.7928925845220216
  - - -1.8358782988101296
  - - -0.5065459063567462
- - - 2.0445048476054644
  - - 2.1278971752579547
  - - -0.3533471933804296
- - - -1.6835965133192865
  - - -1.412807199921624
  - - 1.1997046504070905
- - - -2.120688014400616
  - - -2.2215908745627884
  - - 0.10204476097276433
- - - 1.3027653472221692
  - - 1.575470107875439
  - - 0.7386423788630122
- - - -2.0671720899411
  - - -1.8343112476163832
  - - -0.9534411584656277
- - - -1.9901998104218024
  - - -1.7977106478563167
  - - 0.9202989857074652
- - - -1.3332643162168263
  - - -1.7024380141412019
  - - 0.11152514146378975
- - - -1.775893477875255
  - - -1.5074786975140786
  - - 1.1426685799629088
- - - -2.165254628497572
  - - -2.265800493200547
  - - 0.016109462701225763
- - - -2.1332459075568613
  - - -2.2315097740969687
  - - 0.0755547703122929
- - - 1.9409275308297849
  - - 1.977172586462282
  - - -0.07656721928649442
- - - -2.1300089800761097
  - - -2.228149569388945
  - - 0.0802468181787781
- - - 1.5355888736691563
  - - 1.7725090718728285
  - - 0.5137477544421888
- - - -1.5775543250948216
  - - -1.612541233285616
  - - 0.9469470075121281
- - - -1.956747799682521
  - - -1.7737090262861697
  - - 0.9375806922914771
- - - -1.7102092269865232
  - - -1.4479620371133868
  - - 1.197259389160215
- - - -2.0319742479801213
  - - -2.119962630727909
  - - 0.2851025119785824
- - - 2.0465369505049087
  - - 2.1568301751704233
  - - 0.2509227612584166
- - - -1.6951406715740254
  - - -1.7151050917642403
  - - 0.8475166737782794
- - - -1.678770958256638
  - - -1.7210509433395176
  - - 0.8323319100730849
- - - -1.3733331584853146
  - - -1.7149333284730017
  - - 0.07602380840608015
- - - 1.6844947306624647
  - - 1.8766561314201653
  - - 0.3320985337076079
tvecs:
- - - -70.32589120613785
  - - -37.997622178232376
  - - 261.84364713497473
- - - -120.23983729635164
  - - -26.09895444527861
  - - 351.2247827192754
- - - 38.14322985647937
  - - -120.60771238572238
  - - 336.40209980601827
- - - -118.60336267574954
  - - -52.294817337279774
  - - 323.3858938907538
- - - -86.16160163927987
  - - -11.281241635120116
  - - 199.24246422101976
- - - -133.23486777550056
  - - -44.34729567631381
  - - 237.29879658521767
- - - 58.87921639889409
  - - -49.53749167249811
  - - 209.45508558918095
- - - -139.99161040232192
  - - -60.13081702859622
  - - 256.6332023357028
- - - -86.09325718974992
  - - -11.362501028789099
  - - 199.13604353456023
- - - -5.469676900563773
  - - -56.341574273940665
  - - 186.18295500469128
- - - -66.18722583160978
  - - -57.066894907487246
  - - 228.49531332745596
- - - -74.90029726160293
  - - -53.82139076039033
  - - 341.7505632725345
- - - -88.83710265940888
  - - -71.30405380590229
  - - 273.9159866543923
- - - -122.04881149561126
  - - -47.18792923642899
  - - 488.76901747646554
- - - 3.3592000311854053
  - - -55.77250364531515
  - - 219.859834612697
- - - -57.7904974296764
  - - -9.938139529885378
  - - 187.46787526077958
- - - -172.49230846166563
  - - -125.44666088412512
  - - 305.43280675558907
- - - -182.74126856517842
  - - -52.76726124816114
  - - 404.75310550818745
- - - -215.33094029437578
  - - -49.429448250078174
  - - 408.10848608019575
- - - 36.084577215849684
  - - -42.47243623301065
  - - 461.4635903641186
- - - -15.286164873653995
  - - -51.80945335309615
  - - 225.94470011656176
- - - 0.7596970457164847
  - - -128.77656253286068
  - - 349.66764213775633
- - - -126.33116359965565
  - - -84.42472432033054
  - - 233.46822123772927
- - - 6.54344781003123
  - - 4.117915543965383
  - - 348.65103399930973
- - - -57.83487910338921
  - - -26.870157609704833
  - - 343.00762945830036
- - - -35.25462837340978
  - - -80.39461224306324
  - - 280.38404005532175
- - - 18.731283671626002
  - - -117.42172334787197
  - - 350.94721635313215
- - - -7.148611118798859
  - - -49.33206140129471
  - - 349.65090390680723
- - - 27.652083045747187
  - - 9.515038840225664
  - - 464.6983702385924
- - - 41.417443380007136
  - - -44.62521479350767
  - - 386.6992766458956
- - - -124.46808152186547
  - - -35.5736526488976
  - - 562.3661172189287
- - - -37.55367588842195
  - - -50.037433730180304
  - - 359.00344188383593
- - - -173.610290809166
  - - 7.959503446958055
  - - 304.39840138462887
- - - -60.16516608304794
  - - -39.9394160704206
  - - 227.79982686253913
- - - -40.09084253804315
  - - -37.78100548854417
  - - 267.07528758705473
- - - 56.44984758974216
  - - -4.515916429195571
  - - 433.36411266188514
- - - -86.98627764989685
  - - -81.6597726487261
  - - 250.27429999127207
- - - -74.89062765376704
  - - -58.43583225123662
  - - 216.16326621164015
- - - -15.549394684203364
  - - -37.08007907954123
  - - 224.59062706092874
- - - -170.27727962619716
  - - 64.53825179682967
  - - 647.1877874121877
- - - -176.3564411380519
  - - -137.58981671877186
  - - 368.6971316409585
- - - -29.619697536412335
  - - 53.63040671297452
  - - 609.8929297670805
- - - -94.59262932396467
  - - 9.92053578723775
  - - 335.9767297934554
- - - -68.37538423945286
  - - -56.12863505880024
  - - 342.86097865055046
